                   all        400       1800      0.592      0.391      0.456      0.184
                hangar         32         32          1      0.489      0.823      0.427
            helicopter        138        138      0.997      0.906       0.93      0.342
             jet_plane        193        193      0.734      0.808      0.855      0.125
        large_launcher        147        147      0.985       0.98      0.986      0.139
           large_tower        124        124      0.871      0.109      0.174      0.115
       medium_launcher         57         57      0.638       0.14       0.16     0.0921
          medium_plane         31         31      0.619     0.0968      0.146     0.0748
           mine_roller         10         10      0.759        0.8      0.795      0.407
        small_launcher        222        222      0.965      0.373      0.675        0.4
           small_plane         46         46          0          0          0          0
           small_tower        139        139      0.902      0.705      0.799      0.158
                 ta-ta        190        190          0          0          0          0
                  tank        181        181          1      0.845      0.955      0.666
                condor         51         51          0          0          0          0
                jammer         82         82          0          0          0          0
            spacecraft        157        157          0          0          0          0
