1532 734 1
1453 677 2
1528 731 1
1524 727 1
1524 696 1
1521 724 1
1518 701 1
1517 720 1
1513 717 1
1512 705 1
1504 705 1
1499 703 1
1497 705 1
1490 705 1
1482 705 1
1475 705 1
1467 705 1
1460 706 1
1452 706 1
1448 683 1
1428 682 1
1427 690 1
1426 697 1
1425 704 1
1424 712 1
1405 835 1
1400 830 1
1382 842 1
1377 836 1
217 46 1
212 49 1
208 51 1
203 53 1
198 54 1
194 56 1
189 57 1
184 59 1
180 62 1
176 64 1
171 66 1
167 68 1
162 70 1
157 72 1
153 73 1
148 75 1
143 77 1
139 79 1
134 81 1
129 83 1
125 85 1
120 86 1
116 88 1
111 90 1
106 92 1
102 94 1
97 96 1
92 98 1
91 254 1
88 250 1
88 99 1
85 246 1
83 101 1
82 242 1
82 87 1
82 82 1
82 77 1
82 72 1
82 58 1
82 53 1
82 48 1
81 237 1
81 232 1
81 97 1
81 92 1
81 73 1
81 68 1
81 63 1
80 228 1
80 83 1
80 78 1
79 223 1
79 218 1
79 157 1
79 152 1
79 147 1
79 142 1
79 137 1
78 213 1
78 182 1
78 177 1
78 172 1
78 167 1
78 162 1
78 103 1
77 208 1
77 203 1
77 202 1
77 197 1
77 192 1
77 187 1
76 198 1
75 193 1
75 192 1
74 200 1
73 209 1
73 205 1
73 195 1
73 190 1
72 214 1
72 185 1
72 168 1
72 64 1
71 219 1
71 180 1
71 175 1
71 163 1
71 63 1
70 224 1
70 170 1
70 165 1
70 163 1
70 160 1
70 158 1
70 62 1
70 60 1
69 229 1
69 60 1
69 55 1
68 155 1
68 68 1
67 66 1
67 65 1
67 50 1
66 151 1
66 64 1
65 63 1
65 46 1
64 146 1
63 41 1
62 142 1
62 36 1
60 65 1
59 137 1
57 133 1
57 35 1
56 68 1
55 128 1
54 123 1
53 118 1
52 114 1
52 71 1
52 35 1
51 109 1
50 104 1
49 99 1
49 75 1
49 42 1
48 94 1
47 89 1
47 84 1
47 79 1
47 35 1
46 38 1
42 35 1
40 279 1
40 274 1
39 289 1
39 284 1
38 304 1
38 299 1
38 294 1
37 314 1
37 309 1
37 35 1
36 334 1
36 324 1
36 319 1
35 329 1
