14 0.388151 0.816898 0.008594 0.019907
3 0.938151 0.381944 0.038281 0.050000
15 0.397526 0.502083 0.011198 0.022685
13 0.725260 0.911574 0.045833 0.080556
9 0.535286 0.949537 0.011198 0.024074
2 0.584115 0.092824 0.019271 0.035648
4 0.894010 0.020833 0.015104 0.031481
8 0.466667 0.292130 0.005729 0.013889
12 0.225000 0.170139 0.012500 0.020833
1 0.600651 0.625463 0.029948 0.043519
10 0.697656 0.589583 0.014583 0.027315
11 0.279818 0.325463 0.008073 0.008333
8 0.919857 0.617824 0.007943 0.010185
3 0.482372 0.907439 0.041112 0.053506
10 0.205734 0.646518 0.014037 0.032152
9 0.872302 0.122122 0.013042 0.020565
4 0.692578 0.709028 0.015625 0.027778
9 0.493685 0.438773 0.011068 0.023380
