14 0.390625 0.715509 0.008333 0.019907
3 0.929167 0.297685 0.037500 0.049074
15 0.399740 0.413657 0.010937 0.022685
13 0.720052 0.805556 0.044792 0.077778
9 0.534505 0.842130 0.011198 0.023148
2 0.582552 0.019213 0.018750 0.034722
8 0.467318 0.211806 0.005469 0.014352
12 0.230469 0.093519 0.012500 0.020370
1 0.598437 0.532176 0.029167 0.042130
10 0.693359 0.497222 0.014323 0.027778
11 0.284115 0.243750 0.007812 0.008796
1 0.443825 0.326724 0.033317 0.049831
13 0.564635 0.674161 0.050832 0.083304
2 0.559266 0.494767 0.024316 0.048404
3 0.143218 0.606350 0.029089 0.066991
6 0.442368 0.147764 0.013396 0.019684
6 0.862385 0.798850 0.014800 0.023011
9 0.059643 0.476427 0.012573 0.018420
1 0.016004 0.016938 0.026785 0.033876
