3 0.980078 0.791898 0.039323 0.052315
15 0.387109 0.933102 0.012760 0.022685
2 0.592057 0.448380 0.021094 0.039352
4 0.931250 0.374769 0.017188 0.028241
5 0.993490 0.148611 0.012500 0.021296
8 0.463411 0.682870 0.005990 0.013889
12 0.198828 0.540741 0.013802 0.023148
0 0.062760 0.013426 0.047917 0.026852
11 0.258203 0.721991 0.009115 0.006944
6 0.166016 0.007407 0.014323 0.014815
10 0.223698 0.361111 0.012240 0.029167
0 0.415811 0.339206 0.045603 0.082777
1 0.960260 0.957748 0.031610 0.046724
0 0.573032 0.295027 0.051906 0.108888
13 0.441341 0.556625 0.048767 0.092400
7 0.682878 0.361690 0.011849 0.020139
7 0.910789 0.625381 0.011372 0.023350
