14 0.388932 0.782407 0.008594 0.020370
3 0.935156 0.353472 0.038021 0.049537
15 0.398307 0.471991 0.011198 0.022685
13 0.723568 0.875694 0.045573 0.079167
9 0.535026 0.913194 0.011198 0.023611
2 0.583594 0.068056 0.019271 0.035185
4 0.891406 0.006019 0.014583 0.012037
8 0.466797 0.265278 0.005469 0.013889
12 0.226823 0.144213 0.012500 0.020833
1 0.599870 0.593981 0.029427 0.042593
10 0.696224 0.558333 0.014323 0.027778
11 0.281120 0.297917 0.008073 0.008796
13 0.086490 0.048929 0.045561 0.084134
8 0.906510 0.393634 0.004948 0.012731
13 0.639453 0.898611 0.042448 0.078241
13 0.199219 0.831250 0.042188 0.077778
7 0.709355 0.496492 0.012203 0.018638
5 0.385068 0.180832 0.011806 0.021675
