14 0.393750 0.587269 0.008333 0.019907
3 0.917839 0.190509 0.036198 0.048611
7 0.522266 0.944444 0.013802 0.027778
15 0.402474 0.301389 0.010677 0.022222
13 0.713542 0.671296 0.043229 0.075000
9 0.533464 0.706481 0.010677 0.022222
8 0.468229 0.109259 0.005208 0.013889
12 0.237240 0.003009 0.011979 0.006019
1 0.595703 0.413657 0.028385 0.040278
10 0.688151 0.380093 0.013802 0.027778
11 0.289714 0.140046 0.007552 0.008796
15 0.902862 0.622178 0.013082 0.026200
6 0.452527 0.757354 0.012743 0.022122
13 0.552589 0.482054 0.040183 0.073376
13 0.476723 0.589217 0.047994 0.080221
15 0.018440 0.578393 0.015949 0.030956
3 0.812099 0.417951 0.022637 0.074708
