14 0.386328 0.887037 0.008594 0.020370
3 0.944401 0.440278 0.038802 0.050000
15 0.396094 0.563194 0.011458 0.022685
13 0.728776 0.971759 0.046615 0.055556
2 0.585286 0.143519 0.019531 0.036111
4 0.899349 0.071296 0.015365 0.031481
8 0.466276 0.347685 0.005469 0.013889
12 0.221224 0.222685 0.012760 0.021296
1 0.602083 0.690046 0.030208 0.043981
10 0.700651 0.653472 0.014844 0.027315
11 0.276693 0.381944 0.008073 0.008333
14 0.581317 0.216708 0.009219 0.017686
6 0.147027 0.807685 0.013653 0.027824
8 0.943683 0.485012 0.007916 0.010660
13 0.088880 0.520544 0.046660 0.079711
5 0.208984 0.949537 0.014063 0.024537
12 0.426652 0.932698 0.011714 0.023448
8 0.849407 0.522781 0.008269 0.011325
