14 0.392969 0.618519 0.008333 0.020370
3 0.920573 0.216898 0.036458 0.048611
7 0.522526 0.981481 0.013802 0.027778
15 0.401693 0.328935 0.010677 0.022685
13 0.715104 0.704167 0.043750 0.075926
9 0.533724 0.739583 0.010677 0.022685
8 0.467969 0.134259 0.005208 0.013889
12 0.235677 0.019676 0.011979 0.019907
1 0.596354 0.442593 0.028646 0.040741
10 0.689323 0.408796 0.014063 0.027778
11 0.288411 0.165509 0.007552 0.008796
15 0.171968 0.670056 0.012641 0.026093
1 0.163891 0.800851 0.028848 0.059083
2 0.159624 0.341794 0.026447 0.039487
12 0.732812 0.621296 0.011719 0.022685
6 0.418506 0.123681 0.012735 0.023951
2 0.591510 0.603176 0.023831 0.050505
15 0.483984 0.759028 0.011979 0.023611
6 0.921050 0.892215 0.014077 0.024467
4 0.770482 0.349704 0.011704 0.027548
14 0.028277 0.186010 0.011450 0.015468
14 0.426404 0.194897 0.010968 0.014206
