3 0.964063 0.625231 0.041146 0.051389
15 0.391406 0.757407 0.011979 0.023148
2 0.588802 0.304167 0.020313 0.037963
4 0.916146 0.231019 0.016146 0.029630
5 0.977474 0.021759 0.012240 0.020370
8 0.464714 0.524074 0.005990 0.013889
12 0.209505 0.390046 0.013281 0.022685
1 0.606771 0.895602 0.031771 0.046759
10 0.709896 0.856481 0.015625 0.026852
11 0.266927 0.560648 0.008854 0.007407
10 0.787057 0.659712 0.012020 0.027457
1 0.252871 0.093731 0.033986 0.051405
7 0.499137 0.735668 0.012114 0.019252
8 0.835512 0.862833 0.006932 0.013099
15 0.135478 0.752660 0.016880 0.024298
3 0.051020 0.920477 0.019918 0.059376
5 0.359959 0.356099 0.012203 0.021121
