14 0.391406 0.682639 0.008333 0.019907
3 0.926302 0.270370 0.036979 0.049074
15 0.400260 0.384954 0.010937 0.022685
13 0.718359 0.771296 0.044531 0.076852
9 0.534245 0.807407 0.011198 0.023148
2 0.582031 0.006250 0.018750 0.012500
8 0.467578 0.185648 0.005469 0.013889
12 0.232161 0.068519 0.012240 0.020370
1 0.597786 0.501852 0.028906 0.041667
10 0.692057 0.467130 0.014323 0.027778
11 0.285677 0.217361 0.007812 0.008796
4 0.980376 0.107570 0.012023 0.029764
13 0.418620 0.600463 0.042448 0.078241
5 0.049822 0.814476 0.012224 0.021465
5 0.021929 0.880749 0.013271 0.022618
5 0.292436 0.674968 0.012056 0.023337
2 0.371440 0.949897 0.022809 0.042874
14 0.196416 0.759668 0.010322 0.016833
4 0.950545 0.705432 0.010131 0.030018
12 0.523072 0.061315 0.018649 0.022541
