1557 278 0
1172 109 1
1412 510 2
484 1118 3
1552 287 0
1169 113 1
1410 509 2
482 1115 3
1549 283 0
1160 37 1
1406 505 2
481 1109 3
1546 295 0
636 142 1
1404 511 2
479 1105 3
1540 303 0
1402 510 2
478 1099 3
1540 288 0
1399 501 2
476 1096 3
1535 311 0
1397 513 2
475 1090 3
1531 293 0
1394 511 2
473 1086 3
1529 320 0
1389 515 2
470 1077 3
1519 261 0
1386 512 2
466 1067 3
1512 89 0
1381 516 2
454 1060 3
1511 256 0
1373 518 2
451 1056 3
1505 117 0
442 1051 3
1502 286 0
433 1047 3
1502 251 0
413 1045 3
1501 126 0
404 1061 3
1500 283 0
403 1043 3
1500 126 0
395 1065 3
1497 135 0
393 1042 3
1495 134 0
386 1069 3
1493 246 0
377 1073 3
1492 144 0
368 1078 3
1488 153 0
364 77 3
1485 241 0
359 1082 3
1483 162 0
358 71 3
1479 171 0
351 64 3
1478 394 0
350 1086 3
1476 236 0
346 74 3
1476 175 0
344 71 3
1469 183 0
340 1090 3
1469 182 0
338 79 3
1468 193 0
336 76 3
1467 231 0
332 87 3
1467 213 0
331 1095 3
1467 203 0
326 78 3
1466 223 0
325 94 3
1465 233 0
322 1099 3
1464 243 0
319 102 3
1463 253 0
313 1103 3
1462 189 0
313 110 3
1459 226 0
308 119 3
1455 196 0
304 1107 3
1450 221 0
302 127 3
1448 204 0
296 135 3
1447 231 0
295 1112 3
1445 241 0
291 143 3
1443 330 0
286 1116 3
1442 250 0
285 152 3
1441 211 0
280 160 3
1440 260 0
277 1120 3
1439 321 0
274 168 3
1437 350 0
268 1124 3
1437 270 0
268 177 3
1435 311 0
263 185 3
1434 279 0
259 1129 3
1434 218 0
257 193 3
1434 201 0
252 201 3
1432 302 0
250 1133 3
1432 289 0
241 1137 3
1432 187 0
232 1141 3
1431 497 0
227 1133 3
1430 343 0
221 1124 3
1429 299 0
216 1116 3
1428 293 0
211 1107 3
1427 308 0
209 1046 3
1427 225 0
200 1043 3
1425 283 0
195 1035 3
1424 318 0
192 1025 3
1423 491 0
185 219 3
1423 340 0
160 971 3
1422 328 0
159 934 3
1422 193 0
156 961 3
1421 349 0
156 168 3
1421 345 0
153 952 3
1420 359 0
150 929 3
1420 232 0
149 942 3
1419 337 0
148 161 3
1418 369 0
146 933 3
1416 379 0
142 924 3
1416 155 0
138 161 3
1414 389 0
135 917 3
1414 357 0
128 909 3
1413 240 0
128 160 3
1412 399 0
127 124 3
1412 164 0
121 902 3
1411 501 0
118 161 3
1411 348 0
117 142 3
1411 185 0
114 895 3
1410 366 0
113 151 3
1409 347 0
108 160 3
1409 313 0
107 888 3
1408 173 0
100 881 3
1407 375 0
93 873 3
1407 247 0
86 866 3
1404 385 0
82 861 3
1404 356 0
1404 304 0
1403 182 0
1401 498 0
1401 350 0
1400 394 0
1400 364 0
1400 295 0
1400 254 0
1399 191 0
1399 176 0
1398 474 0
1398 464 0
1397 434 0
1397 404 0
1395 373 0
1395 286 0
1395 200 0
1393 261 0
1392 497 0
1392 495 0
1392 353 0
1390 382 0
1390 278 0
1390 209 0
1389 248 0
1389 187 0
1386 218 0
1385 110 0
1384 116 0
1382 492 0
1382 241 0
1382 227 0
1382 126 0
1380 173 0
1380 135 0
1379 163 0
1378 183 0
1378 173 0
1378 145 0
1377 236 0
1377 193 0
1377 155 0
1376 203 0
1376 194 0
1376 115 0
1375 213 0
1375 165 0
1375 156 0
1374 223 0
1373 233 0
1373 175 0
1372 185 0
1372 182 0
1370 195 0
1369 109 0
1368 234 0
1368 224 0
1368 214 0
1368 204 0
1367 162 0
1366 457 0
1363 100 0
1362 466 0
1362 185 0
1360 182 0
1360 91 0
1359 168 0
1358 475 0
1354 177 0
1354 83 0
1352 185 0
1351 178 0
1350 186 0
1347 195 0
1347 76 0
1344 205 0
1342 184 0
1342 174 0
1342 67 0
1340 268 0
1339 213 0
1335 60 0
1333 222 0
1332 184 0
1332 172 0
1326 463 0
1325 428 0
1325 58 0
1315 59 0
1305 60 0
1288 344 0
1278 344 0
1274 158 0
1264 155 0
1257 149 0
1249 142 0
1241 136 0
1233 130 0
1225 124 0
1218 117 0
1212 109 0
1207 101 0
1201 92 0
1196 84 0
1190 75 0
1185 67 0
1182 92 0
1177 100 0
1177 60 0
1177 56 0
1171 53 0
1170 49 0
1170 40 0
1163 47 0
1163 41 0
