580 1088 0
1531 214 1
556 1100 2
1353 195 3
578 1078 0
1526 216 1
556 1092 2
1346 188 3
577 1079 0
1525 154 1
555 1093 2
1338 181 3
575 1069 0
1523 158 1
555 1084 2
1331 175 3
573 1069 0
1522 219 1
554 1085 2
1323 168 3
572 1059 0
1521 162 1
554 1077 2
1316 161 3
569 1060 0
1518 222 1
554 1069 2
1308 154 3
566 1051 0
1518 167 1
553 1061 2
1301 148 3
564 1018 0
1516 171 1
552 1077 2
1294 141 3
562 1042 0
1514 225 1
552 1066 2
1286 134 3
562 1008 0
1513 176 1
551 1069 2
1279 128 3
558 1032 0
1511 180 1
550 1061 2
1271 121 3
557 1057 0
1510 228 1
548 1073 2
1264 114 3
555 1023 0
1509 184 1
548 1053 2
1256 108 3
553 1013 0
1506 231 1
544 1080 2
1249 101 3
552 1051 0
1506 189 1
540 1086 2
551 1041 0
1504 193 1
539 1079 2
550 1031 0
1502 234 1
538 1071 2
549 1021 0
1502 198 1
537 1063 2
549 1011 0
1499 202 1
357 1069 2
548 1001 0
1498 237 1
353 1075 2
547 991 0
1497 206 1
183 1080 2
546 981 0
1494 240 1
175 1081 2
545 971 0
1494 211 1
170 1094 2
204 530 0
1492 215 1
168 1085 2
152 485 0
1490 243 1
166 1047 2
148 494 0
1489 218 1
162 1095 2
144 503 0
1486 245 1
162 1089 2
140 513 0
1485 221 1
161 1053 2
136 522 0
1482 248 1
155 1059 2
132 531 0
1482 225 1
154 1097 2
128 540 0
1478 251 1
154 1092 2
126 545 0
1478 228 1
150 1064 2
1475 238 1
147 1100 2
1475 232 1
147 1096 2
1474 254 1
144 1070 2
1474 243 1
142 1078 2
1473 248 1
139 1102 2
1472 258 1
139 1094 2
1472 253 1
139 1071 2
1471 262 1
136 1063 2
1471 235 1
131 1069 2
1470 267 1
127 1076 2
1469 277 1
124 1084 2
1469 272 1
122 1091 2
1469 257 1
1468 282 1
1467 239 1
1465 286 1
1465 260 1
1464 242 1
1462 151 1
1461 290 1
1461 263 1
1460 246 1
1460 155 1
1458 293 1
1457 266 1
1457 160 1
1456 249 1
1455 297 1
1455 164 1
1453 269 1
1453 252 1
1452 168 1
1451 301 1
1450 173 1
1449 272 1
1449 256 1
1448 305 1
1447 177 1
1445 308 1
1445 274 1
1445 259 1
1445 182 1
1443 186 1
1442 263 1
1441 312 1
1441 277 1
1440 190 1
1438 316 1
1438 266 1
1438 195 1
1437 280 1
1435 320 1
1435 270 1
1435 199 1
1433 283 1
1433 203 1
1431 323 1
1431 273 1
1430 306 1
1429 286 1
1428 327 1
1427 276 1
1425 331 1
1425 308 1
1425 289 1
1424 280 1
1421 335 1
1421 292 1
1420 309 1
1420 283 1
1418 338 1
1418 241 1
1416 310 1
1416 295 1
1416 287 1
1415 342 1
1414 458 1
1414 453 1
1414 244 1
1413 449 1
1413 444 1
1413 290 1
1413 239 1
1411 346 1
1411 311 1
1411 243 1
1410 247 1
1409 294 1
1409 236 1
1408 349 1
1408 247 1
1406 313 1
1406 297 1
1406 284 1
1406 251 1
1405 353 1
1405 280 1
1405 233 1
1403 275 1
1403 256 1
1402 301 1
1402 254 1
1401 314 1
1401 270 1
1401 265 1
1401 260 1
1401 230 1
1398 371 1
1398 366 1
1398 361 1
1398 304 1
1398 257 1
1397 228 1
1396 315 1
1394 306 1
1394 260 1
1392 225 1
1391 317 1
1390 263 1
1389 309 1
1388 222 1
1387 318 1
1386 312 1
1386 266 1
1384 220 1
1382 319 1
1382 315 1
1382 269 1
1380 217 1
1379 359 1
1379 272 1
1378 319 1
1377 321 1
1375 276 1
1374 321 1
1373 375 1
1372 322 1
1371 279 1
1367 282 1
1365 325 1
1363 324 1
1363 285 1
1359 321 1
1359 288 1
1357 198 1
1355 317 1
1353 313 1
1351 309 1
1341 353 1
1338 332 1
1334 338 1
