128 604 1
132 549 2
1533 67 3
132 541 2
1530 76 3
131 557 2
1529 86 3
130 572 2
1528 96 3
130 565 2
1526 106 3
129 588 2
1521 114 3
129 580 2
1517 352 3
128 596 2
1516 221 3
1516 123 3
1515 211 3
1512 344 3
1511 171 3
1511 132 3
1510 161 3
1508 224 3
1506 123 3
1502 344 3
1502 115 3
1500 106 3
1498 227 3
1498 96 3
1496 86 3
1494 76 3
1492 342 3
1492 86 3
1492 80 3
1489 231 3
1489 96 3
1487 105 3
1485 115 3
1484 72 3
1483 78 3
1482 339 3
1482 125 3
1480 135 3
1479 234 3
1478 144 3
1478 62 3
1476 154 3
1476 72 3
1475 82 3
1474 334 3
1474 92 3
1473 164 3
1473 102 3
1473 75 3
1471 112 3
1470 237 3
1465 329 3
1463 73 3
1461 191 3
1460 241 3
1457 323 3
1454 70 3
1451 244 3
1450 78 3
1449 318 3
1449 255 3
1447 243 3
1444 264 3
1444 67 3
1443 252 3
1441 247 3
1440 313 3
1440 273 3
1440 78 3
1437 260 3
1437 65 3
1434 65 3
1432 280 3
1432 251 3
1430 267 3
1430 77 3
1428 289 3
1428 69 3
1427 68 3
1425 299 3
1425 62 3
1423 254 3
1421 272 3
1420 77 3
1420 76 3
1418 267 3
1418 73 3
1418 70 3
1413 347 3
1413 278 3
1413 262 3
1413 257 3
1410 260 3
1410 75 3
1409 76 3
1408 73 3
1405 283 3
1405 255 3
1403 347 3
1403 259 3
1400 80 3
1400 74 3
1398 249 3
1398 75 3
1396 289 3
1394 343 3
1394 262 3
1391 242 3
1391 73 3
1390 83 3
1389 78 3
1388 294 3
1385 339 3
1385 226 3
1384 264 3
1383 235 3
1381 87 3
1381 72 3
1379 80 3
1377 306 3
1377 221 3
1376 335 3
1376 316 3
1376 228 3
1376 222 3
1375 362 3
1375 326 3
1374 266 3
1373 335 3
1372 90 3
1370 345 3
1369 83 3
1359 86 3
1351 90 3
1319 183 3
229 319 3
225 337 3
225 327 3
218 115 3
211 194 3
211 108 3
204 101 3
201 194 3
200 325 3
199 132 3
197 457 3
197 94 3
191 319 3
191 193 3
191 138 3
190 464 3
188 89 3
183 471 3
183 313 3
182 143 3
181 193 3
181 82 3
178 199 3
176 478 3
175 308 3
175 69 3
174 314 3
174 149 3
172 79 3
171 206 3
171 193 3
170 286 3
170 205 3
169 485 3
169 218 3
167 215 3
166 308 3
166 304 3
166 64 3
165 298 3
165 277 3
165 154 3
164 214 3
163 289 3
163 212 3
163 73 3
162 492 3
162 224 3
162 83 3
161 279 3
161 211 3
161 192 3
161 93 3
160 103 3
159 269 3
159 113 3
158 213 3
157 209 3
157 159 3
156 301 3
156 219 3
156 122 3
155 499 3
153 303 3
153 256 3
152 132 3
151 192 3
149 226 3
149 214 3
148 507 3
148 210 3
148 164 3
148 141 3
147 304 3
145 150 3
144 299 3
143 258 3
141 514 3
141 233 3
141 192 3
141 160 3
140 211 3
140 169 3
139 310 3
139 208 3
138 169 3
135 294 3
134 521 3
134 240 3
134 178 3
133 531 3
133 255 3
131 313 3
131 191 3
130 207 3
130 171 3
129 312 3
129 205 3
128 303 3
128 300 3
128 187 3
127 289 3
127 247 3
122 319 3
121 204 3
121 193 3
121 191 3
120 317 3
120 315 3
120 172 3
119 294 3
119 203 3
118 302 3
115 201 3
114 324 3
111 201 3
111 191 3
110 318 3
110 201 3
110 174 3
109 306 3
109 301 3
109 291 3
109 281 3
108 304 3
107 311 3
107 271 3
106 261 3
106 206 3
105 321 3
102 342 3
102 340 3
102 314 3
102 198 3
101 252 3
101 190 3
100 318 3
100 198 3
100 172 3
100 120 3
99 308 3
99 221 3
98 313 3
98 306 3
98 305 3
98 243 3
98 211 3
95 306 3
94 470 3
94 326 3
94 234 3
93 340 3
92 342 3
92 195 3
91 297 3
91 189 3
91 125 3
90 308 3
90 196 3
90 171 3
89 311 3
89 309 3
89 225 3
88 334 3
88 310 3
88 309 3
85 413 3
85 289 3
85 179 3
83 403 3
83 339 3
83 191 3
82 342 3
82 121 3
81 303 3
81 188 3
80 193 3
80 170 3
79 434 3
79 312 3
79 311 3
79 310 3
79 281 3
79 171 3
78 311 3
78 310 3
78 171 3
77 384 3
77 348 3
75 278 3
75 273 3
75 272 3
74 271 3
73 375 3
73 357 3
73 305 3
73 298 3
73 273 3
73 188 3
72 354 3
72 164 3
72 124 3
71 191 3
71 187 3
71 167 3
70 274 3
69 366 3
69 286 3
69 274 3
68 364 3
68 279 3
68 276 3
68 264 3
67 374 3
67 297 3
67 279 3
67 278 3
67 272 3
66 291 3
66 278 3
66 156 3
65 255 3
65 211 3
65 156 3
64 282 3
64 211 3
64 185 3
64 160 3
63 284 3
63 278 3
63 267 3
63 245 3
62 280 3
62 202 3
62 125 3
61 289 3
61 280 3
61 188 3
61 186 3
60 282 3
60 202 3
59 284 3
59 192 3
59 149 3
59 148 3
58 401 3
58 274 3
58 258 3
58 257 3
58 209 3
58 193 3
58 192 3
58 151 3
57 276 3
57 257 3
57 193 3
56 281 3
56 256 3
56 207 3
56 193 3
56 159 3
55 194 3
55 185 3
55 183 3
55 182 3
55 142 3
54 284 3
54 280 3
54 267 3
54 266 3
54 183 3
54 146 3
53 354 3
53 286 3
53 266 3
53 184 3
53 183 3
53 171 3
53 149 3
53 141 3
53 128 3
52 217 3
52 187 3
52 184 3
52 152 3
52 145 3
52 144 3
52 141 3
51 257 3
51 194 3
51 186 3
51 184 3
51 143 3
51 142 3
51 139 3
50 395 3
50 290 3
50 272 3
50 156 3
50 155 3
50 142 3
50 118 3
49 192 3
49 154 3
49 149 3
49 146 3
49 145 3
48 371 3
48 252 3
48 248 3
48 185 3
48 178 3
48 152 3
48 149 3
48 144 3
48 132 3
48 108 3
47 258 3
47 254 3
47 203 3
47 195 3
47 175 3
47 139 3
47 136 3
46 361 3
46 273 3
46 266 3
46 258 3
46 226 3
46 185 3
46 161 3
46 142 3
46 134 3
46 133 3
46 98 3
45 284 3
45 283 3
45 273 3
45 268 3
45 195 3
45 185 3
45 179 3
45 134 3
44 353 3
44 343 3
44 302 3
44 292 3
44 283 3
44 267 3
44 264 3
44 257 3
44 252 3
44 201 3
44 194 3
44 89 3
43 389 3
43 379 3
43 333 3
43 312 3
43 303 3
43 293 3
43 283 3
43 282 3
43 262 3
43 247 3
43 242 3
43 222 3
43 195 3
43 194 3
43 192 3
43 185 3
43 184 3
43 172 3
43 169 3
43 159 3
43 149 3
42 362 3
42 352 3
42 342 3
42 322 3
42 313 3
42 298 3
42 288 3
42 278 3
42 272 3
42 258 3
42 257 3
42 247 3
42 232 3
42 212 3
42 195 3
42 194 3
42 192 3
42 184 3
42 183 3
42 182 3
42 139 3
42 79 3
41 389 3
41 332 3
41 323 3
41 268 3
41 267 3
41 258 3
41 257 3
41 248 3
41 247 3
41 202 3
41 194 3
41 192 3
41 185 3
41 184 3
41 182 3
41 167 3
41 157 3
41 125 3
40 398 3
40 318 3
40 308 3
40 303 3
40 293 3
40 268 3
40 267 3
40 258 3
40 257 3
40 248 3
40 247 3
40 234 3
40 210 3
40 192 3
40 182 3
40 147 3
40 129 3
40 126 3
39 368 3
39 358 3
39 348 3
39 328 3
39 313 3
39 257 3
39 256 3
39 248 3
39 247 3
39 69 3
38 418 3
38 378 3
38 338 3
38 322 3
38 258 3
38 199 3
38 137 3
38 120 3
38 110 3
37 438 3
37 437 3
37 428 3
37 427 3
37 417 3
37 408 3
37 388 3
37 269 3
37 116 3
37 100 3
37 90 3
37 59 3
36 448 3
36 447 3
36 437 3
36 428 3
36 427 3
36 418 3
36 417 3
36 407 3
36 398 3
36 397 3
36 387 3
36 377 3
36 372 3
36 368 3
36 367 3
36 358 3
36 357 3
36 352 3
36 349 3
36 348 3
36 347 3
36 339 3
36 337 3
36 332 3
36 329 3
36 327 3
36 322 3
36 318 3
36 317 3
36 309 3
36 307 3
36 303 3
36 297 3
36 292 3
36 289 3
36 288 3
36 287 3
36 283 3
36 282 3
36 279 3
36 277 3
36 267 3
36 263 3
36 258 3
36 248 3
36 243 3
36 239 3
36 237 3
36 229 3
36 228 3
36 219 3
36 218 3
36 217 3
36 203 3
36 197 3
36 193 3
36 188 3
36 179 3
36 175 3
36 167 3
36 163 3
36 159 3
36 156 3
36 147 3
36 139 3
36 137 3
36 129 3
36 127 3
36 126 3
36 120 3
36 116 3
36 109 3
36 106 3
36 100 3
36 89 3
36 80 3
36 59 3
36 40 3
35 458 3
35 438 3
35 408 3
35 388 3
35 382 3
35 378 3
35 368 3
35 362 3
35 359 3
35 349 3
35 342 3
35 339 3
35 338 3
35 329 3
35 328 3
35 322 3
35 319 3
35 313 3
35 312 3
35 308 3
35 302 3
35 299 3
35 298 3
35 293 3
35 279 3
35 278 3
35 273 3
35 272 3
35 269 3
35 268 3
35 262 3
35 259 3
35 253 3
35 252 3
35 249 3
35 247 3
35 239 3
35 238 3
35 233 3
35 229 3
35 227 3
35 223 3
35 219 3
35 213 3
35 209 3
35 208 3
35 207 3
35 199 3
35 198 3
35 189 3
35 187 3
35 183 3
35 178 3
35 177 3
35 176 3
35 173 3
35 169 3
35 166 3
35 165 3
35 157 3
35 155 3
35 149 3
35 146 3
35 145 3
35 139 3
35 137 3
35 135 3
35 129 3
35 127 3
35 119 3
35 117 3
35 110 3
35 99 3
35 90 3
35 79 3
35 70 3
35 69 3
35 49 3
