14 0.384635 0.959722 0.008854 0.020370
3 0.950781 0.500000 0.039583 0.050926
15 0.394531 0.625926 0.011458 0.023148
2 0.586458 0.195602 0.019792 0.036574
4 0.904687 0.123148 0.015625 0.030556
8 0.465755 0.405093 0.005469 0.013889
12 0.217448 0.277083 0.013021 0.021759
1 0.603646 0.756713 0.030729 0.044907
10 0.703646 0.718981 0.015104 0.026852
11 0.273438 0.439815 0.008333 0.008333
6 0.510742 0.667245 0.012630 0.025694
8 0.258008 0.229398 0.007422 0.010185
14 0.814063 0.881366 0.008594 0.019676
9 0.990792 0.085989 0.011221 0.023060
6 0.035464 0.211172 0.013863 0.022941
