14 0.391406 0.682639 0.008333 0.019907
3 0.926302 0.270370 0.036979 0.049074
15 0.400260 0.384954 0.010937 0.022685
13 0.718359 0.771296 0.044531 0.076852
9 0.534245 0.807407 0.011198 0.023148
2 0.582031 0.006250 0.018750 0.012500
8 0.467578 0.185648 0.005469 0.013889
12 0.232161 0.068519 0.012240 0.020370
1 0.597786 0.501852 0.028906 0.041667
10 0.692057 0.467130 0.014323 0.027778
11 0.285677 0.217361 0.007812 0.008796
5 0.402815 0.297816 0.012836 0.021080
2 0.283433 0.896663 0.020861 0.033340
9 0.182235 0.951092 0.012481 0.019382
