3 0.967578 0.657407 0.041406 0.051852
15 0.390495 0.791435 0.012240 0.022685
2 0.589453 0.332176 0.020573 0.038426
4 0.919141 0.259028 0.016406 0.030093
5 0.980599 0.046528 0.012240 0.020833
8 0.464453 0.554861 0.005990 0.013426
12 0.207422 0.419213 0.013281 0.022685
1 0.607682 0.931944 0.032031 0.047222
10 0.711589 0.892361 0.015885 0.026389
11 0.265234 0.592130 0.008594 0.007407
0 0.539827 0.629798 0.035391 0.082246
9 0.847402 0.114790 0.011054 0.020628
12 0.945052 0.793750 0.013281 0.021296
7 0.877352 0.557823 0.018207 0.021045
5 0.167623 0.028308 0.013690 0.021383
14 0.731673 0.427197 0.011777 0.012043
13 0.781641 0.841204 0.042448 0.078241
5 0.503999 0.522865 0.012071 0.018975
9 0.437305 0.750347 0.013672 0.018750
