14 0.385417 0.923148 0.008854 0.020370
3 0.947526 0.469907 0.039323 0.050000
15 0.395313 0.594213 0.011458 0.022685
13 0.730599 0.990509 0.047135 0.018056
2 0.585807 0.169444 0.019531 0.036111
4 0.901953 0.096991 0.015365 0.031019
8 0.466016 0.376389 0.005469 0.013889
12 0.219401 0.249769 0.012760 0.021759
1 0.602865 0.723148 0.030729 0.044444
10 0.702083 0.685880 0.015104 0.027315
11 0.275000 0.410648 0.008333 0.008333
8 0.505536 0.665028 0.008255 0.012124
7 0.457309 0.432095 0.010824 0.030777
2 0.390571 0.130398 0.020848 0.038648
14 0.316472 0.976337 0.007468 0.020395
12 0.992352 0.796180 0.015297 0.019029
