14 0.387240 0.851852 0.008854 0.020370
3 0.941276 0.410880 0.038802 0.050463
15 0.396875 0.532176 0.011458 0.022685
13 0.727083 0.947917 0.046354 0.081019
9 0.535677 0.986574 0.011458 0.024074
2 0.584635 0.118056 0.019271 0.036111
4 0.896615 0.045833 0.015104 0.031481
8 0.466536 0.319907 0.005469 0.013889
12 0.223177 0.196296 0.012500 0.021296
1 0.601302 0.657407 0.030208 0.043519
10 0.699089 0.621065 0.014844 0.027315
11 0.278255 0.353472 0.008073 0.007870
2 0.024221 0.377599 0.021593 0.037006
9 0.119466 0.487153 0.012630 0.020602
11 0.112334 0.975598 0.006345 0.011953
5 0.470182 0.557870 0.012500 0.020833
12 0.734024 0.746539 0.014793 0.026069
