14 0.388932 0.782407 0.008594 0.020370
3 0.935156 0.353472 0.038021 0.049537
15 0.398307 0.471991 0.011198 0.022685
13 0.723568 0.875694 0.045573 0.079167
9 0.535026 0.913194 0.011198 0.023611
2 0.583594 0.068056 0.019271 0.035185
4 0.891406 0.006019 0.014583 0.012037
8 0.466797 0.265278 0.005469 0.013889
12 0.226823 0.144213 0.012500 0.020833
1 0.599870 0.593981 0.029427 0.042593
10 0.696224 0.558333 0.014323 0.027778
11 0.281120 0.297917 0.008073 0.008796
14 0.420483 0.312350 0.008223 0.019608
8 0.904369 0.003936 0.006685 0.007871
12 0.283186 0.131698 0.013740 0.016342
4 0.626871 0.749698 0.013703 0.035502
11 0.960434 0.504938 0.007189 0.013140
