14 0.385417 0.923148 0.008854 0.020370
3 0.947526 0.469907 0.039323 0.050000
15 0.395313 0.594213 0.011458 0.022685
13 0.730599 0.990509 0.047135 0.018056
2 0.585807 0.169444 0.019531 0.036111
4 0.901953 0.096991 0.015365 0.031019
8 0.466016 0.376389 0.005469 0.013889
12 0.219401 0.249769 0.012760 0.021759
1 0.602865 0.723148 0.030729 0.044444
10 0.702083 0.685880 0.015104 0.027315
11 0.275000 0.410648 0.008333 0.008333
14 0.781792 0.369346 0.008885 0.018906
6 0.109741 0.392973 0.011490 0.021205
9 0.882951 0.925471 0.011961 0.023725
4 0.667722 0.474649 0.011292 0.028585
2 0.108921 0.347041 0.021423 0.037385
11 0.607781 0.950008 0.007237 0.013420
5 0.446135 0.635246 0.011735 0.019130
