14 0.386328 0.887037 0.008594 0.020370
3 0.944401 0.440278 0.038802 0.050000
15 0.396094 0.563194 0.011458 0.022685
13 0.728776 0.971759 0.046615 0.055556
2 0.585286 0.143519 0.019531 0.036111
4 0.899349 0.071296 0.015365 0.031481
8 0.466276 0.347685 0.005469 0.013889
12 0.221224 0.222685 0.012760 0.021296
1 0.602083 0.690046 0.030208 0.043981
10 0.700651 0.653472 0.014844 0.027315
11 0.276693 0.381944 0.008073 0.008333
3 0.956561 0.907447 0.039750 0.039900
12 0.512703 0.132904 0.014689 0.020802
0 0.079583 0.714684 0.044112 0.091712
15 0.050203 0.452750 0.013916 0.027835
8 0.048249 0.407121 0.007704 0.011143
11 0.542136 0.360635 0.009171 0.008149
