3 0.971094 0.690278 0.041667 0.051852
15 0.389714 0.825926 0.012240 0.023148
2 0.589974 0.360648 0.020573 0.038889
4 0.922005 0.287269 0.016406 0.029167
5 0.983724 0.071528 0.012240 0.020833
8 0.464193 0.586111 0.005990 0.013889
12 0.205469 0.448843 0.013542 0.022685
1 0.608594 0.968519 0.032292 0.047222
10 0.713151 0.928472 0.015885 0.026389
11 0.263542 0.623611 0.008854 0.007407
14 0.079948 0.940856 0.008073 0.019213
3 0.474753 0.791937 0.040352 0.039794
4 0.368628 0.569065 0.018267 0.020767
12 0.097577 0.052358 0.010949 0.024093
4 0.884699 0.854361 0.009908 0.032023
