3 0.981901 0.827083 0.035677 0.052315
15 0.386198 0.969907 0.012500 0.023148
2 0.592578 0.478472 0.021094 0.040278
4 0.934375 0.404861 0.017188 0.028241
5 0.995182 0.175000 0.009115 0.021296
8 0.463151 0.716204 0.005990 0.013889
12 0.196745 0.571991 0.013802 0.023611
0 0.059896 0.025463 0.047917 0.050926
11 0.256380 0.755787 0.009115 0.006944
6 0.163932 0.028241 0.014323 0.022222
10 0.968750 0.934491 0.014844 0.026852
4 0.392930 0.018434 0.011121 0.035184
2 0.769010 0.983681 0.018490 0.032639
10 0.496129 0.369480 0.013183 0.024935
7 0.792122 0.162616 0.013672 0.026620
9 0.268279 0.081649 0.011986 0.023229
10 0.071519 0.224145 0.014001 0.024517
