14 0.390625 0.715509 0.008333 0.019907
3 0.929167 0.297685 0.037500 0.049074
15 0.399740 0.413657 0.010937 0.022685
13 0.720052 0.805556 0.044792 0.077778
9 0.534505 0.842130 0.011198 0.023148
2 0.582552 0.019213 0.018750 0.034722
8 0.467318 0.211806 0.005469 0.014352
12 0.230469 0.093519 0.012500 0.020370
1 0.598437 0.532176 0.029167 0.042130
10 0.693359 0.497222 0.014323 0.027778
11 0.284115 0.243750 0.007812 0.008796
10 0.786892 0.659536 0.015030 0.026275
2 0.254772 0.091210 0.022316 0.041123
7 0.499127 0.735595 0.012862 0.028714
8 0.835417 0.863017 0.007915 0.014142
15 0.135478 0.752660 0.016880 0.024298
3 0.052028 0.920938 0.024834 0.065781
6 0.359830 0.356419 0.012312 0.021822
0 0.059766 0.308565 0.049479 0.059259
