1020 505 0
1443 946 1
1281 747 2
1279 811 3
1439 1122 1
1140 135 2
1276 795 3
1439 951 1
1133 208 2
1225 913 3
1436 1119 1
1100 134 2
1225 901 3
1434 1118 1
1092 134 2
1221 888 3
1434 957 1
1088 127 2
1173 971 3
1431 1114 1
1086 120 2
1173 966 3
1429 1115 1
1085 120 2
1170 973 3
1428 963 1
1082 113 2
1170 968 3
1427 1109 1
1081 113 2
1169 974 3
1424 1111 1
1078 106 2
1167 963 3
1423 1105 1
1005 84 2
1161 969 3
1423 968 1
1004 92 2
1160 972 3
1421 1087 1
1003 92 2
1157 970 3
1419 1107 1
1002 100 2
1152 965 3
1418 1100 1
1001 108 2
1148 974 3
1418 974 1
1000 108 2
1144 966 3
1415 1087 1
999 116 2
1143 961 3
1414 1095 1
997 123 2
1135 976 3
1413 980 1
995 131 2
1129 1002 3
1412 1108 1
994 139 2
1119 1002 3
1409 1114 1
992 147 2
1109 1002 3
1409 1091 1
990 155 2
1099 952 3
1408 1087 1
989 163 2
1097 940 3
1408 941 1
987 170 2
1088 936 3
1407 1109 1
987 162 2
1084 950 3
1407 986 1
986 170 2
1079 932 3
1406 1109 1
985 178 2
1070 928 3
1405 1086 1
984 186 2
1061 923 3
1404 1110 1
984 178 2
1058 889 3
1404 1103 1
982 194 2
1057 866 3
1402 1087 1
980 202 2
1057 727 3
1402 991 1
979 210 2
1052 919 3
1402 943 1
979 164 2
1043 915 3
1401 1097 1
1037 878 3
1401 1081 1
1035 818 3
1401 942 1
1027 923 3
1400 1111 1
1021 888 3
1399 1106 1
1019 739 3
1398 1092 1
1018 889 3
1398 1050 1
1018 751 3
1397 997 1
1017 739 3
1396 1077 1
1016 763 3
1395 1086 1
1015 775 3
1395 945 1
1013 787 3
1395 942 1
1011 884 3
1394 1112 1
1008 798 3
1394 1102 1
997 803 3
1393 1047 1
997 793 3
1392 1080 1
997 783 3
1392 1072 1
997 773 3
1392 1003 1
997 763 3
1391 1033 1
997 753 3
1389 1098 1
992 847 3
1389 1086 1
990 858 3
1389 1075 1
988 868 3
1389 1027 1
986 879 3
1389 947 1
986 761 3
1387 1113 1
981 710 3
1387 1067 1
972 864 3
1387 1045 1
970 853 3
1387 1009 1
970 167 3
1386 1069 1
967 62 3
1386 1021 1
964 730 3
1385 1051 1
960 69 3
1384 1094 1
959 68 3
1383 1086 1
958 214 3
1383 1063 1
956 829 3
1383 1058 1
955 205 3
1383 949 1
952 213 3
1381 1114 1
952 76 3
1381 1064 1
952 75 3
1381 1042 1
949 197 3
1381 1014 1
948 837 3
1380 1057 1
945 730 3
1379 1090 1
945 83 3
1379 1070 1
945 82 3
1379 1058 1
943 188 3
1377 1076 1
941 739 3
1377 1052 1
940 210 3
1377 950 1
939 724 3
1376 1086 1
938 158 3
1376 1020 1
938 89 3
1375 1115 1
937 180 3
1375 1082 1
933 214 3
1375 1040 1
931 172 3
1374 1086 1
930 96 3
1374 1053 1
929 714 3
1374 1046 1
928 156 3
1373 1088 1
925 164 3
1372 1040 1
923 103 3
1371 1094 1
921 159 3
1371 952 1
919 154 3
1370 1049 1
916 110 3
1369 1083 1
909 151 3
1369 1037 1
909 117 3
1369 1035 1
904 786 3
1368 1116 1
903 787 3
1368 1101 1
903 786 3
1368 1100 1
901 124 3
1366 1106 1
900 783 3
1366 1029 1
899 149 3
1365 1099 1
898 778 3
1365 1044 1
896 139 3
1364 1112 1
894 130 3
1364 1079 1
891 120 3
1363 1106 1
888 110 3
1363 1036 1
887 137 3
1363 1023 1
886 101 3
1362 1118 1
883 91 3
1362 1099 1
881 146 3
1361 1099 1
880 144 3
1361 1093 1
880 81 3
1361 1040 1
879 265 3
1360 1087 1
877 72 3
1360 1018 1
873 141 3
1359 1081 1
873 49 3
1359 1075 1
873 37 3
1358 1095 1
872 257 3
1358 1074 1
872 151 3
1357 1094 1
872 63 3
1357 1068 1
866 56 3
1357 1035 1
865 250 3
1357 1012 1
865 158 3
1356 1119 1
865 43 3
1355 1062 1
864 136 3
1354 1055 1
863 39 3
1354 1006 1
859 242 3
1353 1089 1
858 165 3
1353 1049 1
855 131 3
1352 1091 1
854 42 3
1352 1043 1
852 235 3
1351 1043 1
851 172 3
1351 1036 1
848 226 3
1351 1000 1
848 138 3
1350 1030 1
844 179 3
1349 1120 1
844 46 3
1349 1084 1
842 218 3
1349 1024 1
841 144 3
1348 1017 1
836 210 3
1348 995 1
836 186 3
1347 1011 1
835 50 3
1346 1079 1
833 151 3
1346 1005 1
829 203 3
1345 1086 1
829 193 3
1345 1046 1
826 158 3
1345 989 1
826 54 3
1344 1011 1
822 199 3
1344 999 1
818 164 3
1343 1121 1
817 127 3
1343 1005 1
817 58 3
1342 1005 1
816 117 3
1342 998 1
815 137 3
1342 983 1
814 107 3
1341 1074 1
813 146 3
1341 992 1
813 97 3
1340 1116 1
811 171 3
1340 986 1
811 89 3
1339 1049 1
810 176 3
1339 999 1
810 166 3
1339 979 1
810 156 3
1338 1082 1
807 185 3
1338 973 1
806 195 3
1337 1070 1
803 178 3
1337 993 1
796 142 3
1337 988 1
770 107 3
1337 967 1
769 117 3
1336 1110 1
768 127 3
1336 982 1
767 137 3
1336 960 1
766 158 3
1335 987 1
766 146 3
1335 978 1
765 156 3
1335 954 1
764 166 3
1334 1052 1
763 176 3
1334 983 1
763 84 3
1334 976 1
762 186 3
1334 948 1
761 928 3
1334 907 1
761 196 3
1333 1105 1
760 206 3
1333 972 1
760 150 3
1333 942 1
760 107 3
1332 1078 1
759 949 3
1332 1065 1
759 216 3
1332 981 1
758 226 3
1332 973 1
757 92 3
1332 969 1
756 971 3
1332 935 1
756 920 3
1331 965 1
754 974 3
1330 977 1
753 979 3
1330 975 1
753 143 3
1330 963 1
752 956 3
1329 1100 1
752 911 3
1329 959 1
752 843 3
1329 957 1
751 90 3
1328 1060 1
750 107 3
1328 1055 1
747 965 3
1328 967 1
747 134 3
1327 970 1
747 94 3
1327 953 1
746 970 3
1327 951 1
746 144 3
1326 1094 1
746 135 3
1326 972 1
746 109 3
1325 1074 1
746 92 3
1325 964 1
745 1002 3
1325 962 1
745 154 3
1325 947 1
745 124 3
1325 945 1
745 104 3
1324 1078 1
744 164 3
1324 1056 1
744 114 3
1324 939 1
743 981 3
1323 967 1
743 977 3
1323 958 1
743 174 3
1323 941 1
742 974 3
1322 1089 1
742 184 3
1322 1058 1
741 110 3
1322 935 1
740 128 3
1322 932 1
738 1010 3
1321 1071 1
737 982 3
1321 957 1
737 969 3
1320 952 1
737 99 3
1320 929 1
736 884 3
1320 926 1
733 120 3
1319 1084 1
732 1019 3
1319 1070 1
731 1032 3
1319 1051 1
731 1017 3
1318 946 1
731 1015 3
1317 1064 1
731 979 3
1317 1061 1
731 138 3
1317 1009 1
731 112 3
1317 970 1
731 86 3
1315 940 1
730 145 3
1314 1057 1
729 151 3
1313 1004 1
728 95 3
1313 934 1
727 1048 3
1312 1066 1
727 1047 3
1311 1050 1
727 1003 3
1311 972 1
727 967 3
1310 928 1
726 129 3
1308 1043 1
726 119 3
1307 1072 1
725 1024 3
1307 1066 1
725 107 3
1307 1064 1
725 85 3
1307 1056 1
724 1037 3
1306 1048 1
723 1037 3
1306 1040 1
722 992 3
1306 1033 1
722 938 3
1305 1062 1
721 1028 3
1305 1059 1
721 113 3
1305 1025 1
719 91 3
1305 1017 1
718 1032 3
1305 1009 1
718 1018 3
1305 975 1
718 980 3
1304 1051 1
718 114 3
1304 1036 1
717 1046 3
1304 1002 1
717 1045 3
1304 994 1
717 966 3
1304 929 1
717 114 3
1303 986 1
717 104 3
1303 978 1
716 94 3
1303 971 1
715 1043 3
1302 1043 1
715 85 3
1302 963 1
715 84 3
1302 955 1
714 1009 3
1302 947 1
714 74 3
1301 1036 1
713 66 3
1301 1029 1
711 1039 3
1301 939 1
711 999 3
1301 932 1
711 113 3
1301 924 1
709 109 3
1300 1028 1
709 88 3
1299 1058 1
708 1042 3
1299 978 1
708 990 3
1298 1022 1
707 1045 3
1298 1020 1
707 962 3
1298 999 1
706 1048 3
1298 992 1
705 1047 3
1298 986 1
705 84 3
1298 930 1
704 69 3
1298 877 1
701 111 3
1297 1013 1
701 104 3
1297 870 1
699 87 3
1296 1005 1
698 1054 3
1295 1015 1
698 1039 3
1295 862 1
698 958 3
1294 1073 1
697 1046 3
1294 997 1
695 83 3
1294 854 1
695 62 3
1293 994 1
694 71 3
1293 990 1
692 1000 3
1293 980 1
692 110 3
1292 1054 1
690 53 3
1292 988 1
689 1036 3
1292 982 1
689 1017 3
1292 931 1
689 86 3
1292 847 1
688 909 3
1291 1008 1
687 1046 3
1290 974 1
687 1044 3
1289 995 1
686 1027 3
1288 1000 1
686 77 3
1288 990 1
685 112 3
1287 983 1
685 83 3
1286 1050 1
685 45 3
1285 932 1
683 1036 3
1284 1012 1
682 1042 3
1283 987 1
682 1009 3
1282 985 1
682 109 3
1280 955 1
680 36 3
1279 1045 1
679 1050 3
1278 1010 1
679 1045 3
1278 961 1
679 1033 3
1277 984 1
679 1032 3
1276 988 1
679 86 3
1276 967 1
678 1013 3
1274 973 1
678 83 3
1273 935 1
677 1051 3
1272 1041 1
677 1023 3
1272 1008 1
675 82 3
1272 980 1
673 1053 3
1270 991 1
672 994 3
1270 986 1
672 109 3
1270 980 1
672 81 3
1268 992 1
672 41 3
1268 957 1
671 1056 3
1267 998 1
671 112 3
1266 1037 1
670 1057 3
1266 1006 1
670 1030 3
1266 934 1
670 948 3
1265 1004 1
670 89 3
1264 993 1
668 1062 3
1263 1010 1
668 1054 3
1263 979 1
666 986 3
1261 1016 1
665 1064 3
1260 1004 1
663 1070 3
1260 976 1
663 1046 3
1260 937 1
663 45 3
1259 1033 1
662 1064 3
1259 1023 1
662 1062 3
1258 996 1
662 1036 3
1257 1029 1
662 942 3
1257 977 1
662 107 3
1255 1035 1
662 79 3
1255 939 1
660 1026 3
1254 1041 1
659 979 3
1254 1002 1
658 1079 3
1252 1047 1
658 113 3
1252 1029 1
656 414 3
1252 999 1
655 1071 3
1250 1053 1
654 48 3
1250 944 1
653 939 3
1248 1058 1
653 77 3
1248 1000 1
652 971 3
1247 1052 1
652 107 3
1246 1045 1
649 209 3
1246 1025 1
644 115 3
1245 948 1
644 50 3
1244 1039 1
643 75 3
1243 1033 1
642 105 3
1242 998 1
635 207 3
1241 1027 1
634 51 3
1240 1020 1
633 72 3
1240 952 1
632 104 3
1238 1014 1
631 413 3
1238 1004 1
631 223 3
1237 1008 1
631 114 3
1236 996 1
627 404 3
1235 1002 1
625 208 3
1234 1002 1
625 76 3
1234 995 1
625 55 3
1234 954 1
624 398 3
1233 1004 1
624 211 3
1233 976 1
623 396 3
1233 970 1
623 70 3
1233 964 1
620 85 3
1233 957 1
620 68 3
1233 951 1
619 59 3
1232 989 1
618 199 3
1232 983 1
618 120 3
1231 945 1
617 155 3
1230 994 1
616 94 3
1230 938 1
616 68 3
1229 1000 1
616 59 3
1228 1004 1
615 210 3
1228 957 1
614 142 3
1228 932 1
614 128 3
1226 926 1
614 68 3
1225 998 1
612 78 3
1225 970 1
611 187 3
1225 920 1
611 103 3
1223 1004 1
610 64 3
1223 992 1
609 87 3
1222 959 1
605 211 3
1220 996 1
604 175 3
1218 1004 1
604 66 3
1217 990 1
601 68 3
1216 994 1
600 169 3
1216 962 1
600 91 3
1213 1004 1
596 182 3
1211 992 1
594 64 3
1211 988 1
592 73 3
1211 966 1
591 195 3
1208 1004 1
591 96 3
1207 990 1
584 78 3
1205 986 1
584 61 3
1205 967 1
582 100 3
1203 1004 1
580 1032 3
1202 988 1
578 234 3
1199 984 1
575 1041 3
1198 1004 1
575 83 3
1198 986 1
575 59 3
1198 967 1
574 1051 3
1193 984 1
574 1050 3
1193 982 1
574 1041 3
1192 968 1
574 1040 3
1188 982 1
574 247 3
1187 980 1
573 1051 3
1186 969 1
573 1050 3
1185 967 1
573 1040 3
1184 980 1
573 104 3
1181 978 1
572 1030 3
1179 977 1
571 1050 3
1179 970 1
571 1040 3
1178 968 1
570 140 3
1175 976 1
569 259 3
1175 975 1
568 146 3
1173 999 1
568 113 3
1167 1000 1
566 982 3
1154 1003 1
566 88 3
1069 995 1
565 272 3
1061 997 1
565 156 3
1044 1028 1
565 57 3
1041 1029 1
563 186 3
1034 1041 1
562 1163 3
1034 1028 1
562 121 3
1033 1020 1
561 193 3
1033 1012 1
561 165 3
1032 1028 1
560 201 3
1032 1024 1
560 139 3
1032 1004 1
558 209 3
1032 996 1
558 175 3
1031 1019 1
558 93 3
1031 1014 1
556 218 3
1031 1006 1
556 94 3
1031 988 1
555 226 3
1031 980 1
555 184 3
1030 1009 1
555 55 3
1030 1004 1
554 1157 3
1030 1001 1
554 187 3
1030 996 1
553 184 3
1030 991 1
552 1164 3
1030 972 1
552 174 3
1030 964 1
551 194 3
1029 1024 1
551 164 3
1029 999 1
550 241 3
1029 994 1
550 154 3
1029 986 1
550 137 3
1029 981 1
549 902 3
1028 989 1
549 237 3
1028 984 1
549 227 3
1028 976 1
549 217 3
1028 971 1
549 207 3
1028 966 1
549 197 3
1027 1020 1
549 187 3
1027 979 1
549 177 3
1027 974 1
549 167 3
1026 969 1
549 157 3
1026 964 1
549 147 3
1025 959 1
549 144 3
1025 954 1
549 98 3
1024 1016 1
548 203 3
1021 941 1
547 190 3
1017 937 1
547 97 3
1016 930 1
546 1151 3
1015 943 1
546 1085 3
1014 945 1
546 231 3
1013 925 1
545 212 3
1012 975 1
545 52 3
1012 948 1
544 1076 3
1011 981 1
544 190 3
1011 963 1
542 1163 3
1009 970 1
542 1066 3
1008 976 1
542 992 3
1008 954 1
542 222 3
1008 921 1
541 1077 3
1006 959 1
541 222 3
1002 972 1
541 136 3
1001 920 1
540 1056 3
996 918 1
540 1035 3
993 1053 1
540 221 3
992 1066 1
540 195 3
992 1059 1
539 213 3
992 1046 1
538 1145 3
992 1040 1
538 1046 3
992 1034 1
538 1025 3
991 1072 1
538 183 3
991 1027 1
537 1025 3
991 1021 1
537 1015 3
990 1078 1
537 100 3
990 1014 1
536 1068 3
989 1084 1
535 1037 3
989 1008 1
535 1005 3
988 1002 1
535 999 3
987 1097 1
535 202 3
987 1091 1
535 52 3
987 995 1
534 1016 3
987 992 1
533 1027 3
987 932 1
532 1164 3
986 937 1
532 222 3
986 926 1
531 1139 3
986 921 1
531 1060 3
985 1004 1
531 1017 3
985 991 1
531 1006 3
985 984 1
531 175 3
985 978 1
531 135 3
985 942 1
529 1007 3
985 916 1
529 201 3
985 884 1
528 1006 3
984 1101 1
528 997 3
984 905 1
528 956 3
984 900 1
528 213 3
984 889 1
528 103 3
983 987 1
528 82 3
982 922 1
527 998 3
982 916 1
527 203 3
981 1001 1
526 1051 3
981 1000 1
526 946 3
981 943 1
526 194 3
981 938 1
525 988 3
981 932 1
525 987 3
981 927 1
525 936 3
981 911 1
525 193 3
980 948 1
525 52 3
979 996 1
524 1035 3
979 995 1
524 168 3
979 990 1
523 1133 3
979 983 1
523 978 3
979 953 1
523 926 3
978 1002 1
523 186 3
978 975 1
523 183 3
978 964 1
522 1164 3
978 959 1
522 978 3
977 991 1
522 189 3
977 980 1
521 1042 3
977 969 1
521 1013 3
976 985 1
521 916 3
974 978 1
521 134 3
973 988 1
520 906 3
972 876 1
519 968 3
970 974 1
519 178 3
970 920 1
519 175 3
969 896 1
519 78 3
969 881 1
518 106 3
968 887 1
517 1042 3
967 893 1
517 181 3
965 899 1
516 1034 3
962 1026 1
516 171 3
956 1024 1
515 1127 3
956 1020 1
515 163 3
950 1023 1
515 115 3
950 862 1
515 51 3
945 985 1
514 1020 3
944 946 1
514 171 3
944 839 1
514 166 3
943 991 1
514 125 3
943 945 1
513 1163 3
942 911 1
511 133 3
940 987 1
510 1050 3
939 842 1
510 1025 3
936 990 1
510 164 3
935 996 1
510 162 3
931 998 1
510 156 3
931 992 1
510 75 3
930 822 1
509 157 3
928 980 1
509 155 3
927 995 1
509 109 3
926 1001 1
507 1121 3
926 993 1
507 1027 3
925 985 1
507 109 3
924 995 1
506 430 3
924 973 1
505 1017 3
923 997 1
505 148 3
922 1004 1
505 130 3
922 995 1
505 51 3
922 979 1
504 1057 3
921 994 1
504 153 3
920 992 1
503 1164 3
920 975 1
503 126 3
920 972 1
502 152 3
919 1016 1
501 71 3
919 989 1
500 1034 3
918 1006 1
500 1008 3
918 999 1
500 153 3
917 997 1
500 139 3
917 984 1
500 43 3
916 980 1
499 1115 3
916 978 1
499 112 3
915 977 1
499 103 3
914 1017 1
497 1065 3
914 1009 1
496 431 3
914 975 1
496 130 3
913 999 1
496 119 3
912 1001 1
495 152 3
912 970 1
495 50 3
911 979 1
494 150 3
911 965 1
494 49 3
909 1017 1
493 1163 3
909 1012 1
493 1042 3
909 977 1
493 48 3
908 1004 1
491 1108 3
908 1000 1
491 121 3
908 805 1
491 97 3
908 800 1
491 67 3
907 795 1
490 1072 3
906 980 1
490 152 3
906 810 1
490 115 3
905 1014 1
489 150 3
905 1008 1
489 112 3
905 791 1
488 55 3
904 1018 1
487 112 3
904 815 1
487 53 3
903 976 1
486 1049 3
903 819 1
486 432 3
902 1012 1
485 151 3
902 1001 1
485 50 3
901 1017 1
483 1164 3
901 981 1
483 1080 3
901 824 1
483 92 3
901 787 1
482 103 3
900 990 1
482 63 3
899 1018 1
482 61 3
899 829 1
481 106 3
898 1015 1
480 152 3
897 1020 1
480 119 3
897 974 1
480 58 3
897 824 1
479 1056 3
896 1002 1
477 1087 3
896 983 1
477 95 3
895 989 1
476 430 3
895 828 1
476 66 3
894 1018 1
475 49 3
894 1012 1
474 99 3
894 778 1
474 89 3
892 1022 1
474 86 3
892 832 1
473 1163 3
892 783 1
473 99 3
891 984 1
473 62 3
891 973 1
473 59 3
891 963 1
472 1063 3
891 788 1
472 109 3
890 1025 1
471 122 3
890 1002 1
471 119 3
890 988 1
470 1094 3
889 1020 1
470 956 3
889 1019 1
470 151 3
889 1013 1
470 129 3
889 837 1
470 72 3
888 1025 1
469 151 3
888 1015 1
468 104 3
888 1010 1
467 92 3
887 1006 1
466 126 3
886 1001 1
466 80 3
886 985 1
466 67 3
886 961 1
465 1070 3
886 841 1
465 49 3
885 1023 1
464 78 3
885 1012 1
464 56 3
885 996 1
463 1164 3
885 988 1
463 1102 3
884 1027 1
461 153 3
884 1019 1
461 110 3
884 1013 1
460 150 3
884 1003 1
459 150 3
884 991 1
459 148 3
884 972 1
459 85 3
883 986 1
459 72 3
883 845 1
458 1077 3
882 981 1
458 84 3
881 1014 1
458 74 3
881 986 1
457 1155 3
880 1030 1
457 1109 3
880 1026 1
455 49 3
880 1025 1
454 52 3
880 987 1
453 117 3
879 1020 1
452 152 3
879 1014 1
452 131 3
879 848 1
452 90 3
878 1004 1
452 78 3
877 1028 1
452 77 3
877 1010 1
451 1147 3
877 988 1
450 1117 3
876 1016 1
450 153 3
876 967 1
450 150 3
876 947 1
450 134 3
875 1033 1
450 69 3
875 1026 1
448 88 3
875 987 1
446 1139 3
875 942 1
446 234 3
875 851 1
446 224 3
874 1020 1
446 162 3
874 1015 1
446 140 3
874 937 1
446 127 3
873 932 1
446 95 3
873 780 1
446 82 3
873 774 1
445 164 3
872 1030 1
445 144 3
872 1018 1
445 139 3
872 1004 1
445 123 3
872 989 1
445 97 3
872 927 1
445 48 3
872 854 1
444 214 3
871 922 1
444 161 3
870 1026 1
444 155 3
870 986 1
443 1124 3
870 967 1
443 1002 3
870 966 1
443 233 3
870 917 1
443 184 3
870 786 1
443 174 3
869 1016 1
443 107 3
869 912 1
442 1012 3
869 907 1
442 992 3
868 1033 1
442 63 3
868 902 1
441 1022 3
868 857 1
441 982 3
867 1020 1
441 194 3
867 990 1
441 148 3
866 1005 1
440 1131 3
865 1026 1
440 972 3
865 1016 1
440 204 3
865 985 1
440 196 3
864 1036 1
440 194 3
864 967 1
440 173 3
864 861 1
440 149 3
864 787 1
440 135 3
863 1022 1
440 101 3
862 1049 1
439 1032 3
862 991 1
439 243 3
861 1039 1
439 241 3
861 865 1
439 147 3
860 1026 1
439 136 3
860 1017 1
439 87 3
860 1005 1
438 231 3
860 985 1
438 221 3
859 1045 1
438 212 3
858 1024 1
438 211 3
858 968 1
438 202 3
858 869 1
438 133 3
857 1047 1
438 126 3
857 1043 1
438 116 3
857 993 1
437 1131 3
857 785 1
437 201 3
856 1040 1
437 191 3
856 984 1
437 182 3
855 1028 1
437 168 3
855 1018 1
437 158 3
855 873 1
437 130 3
854 1047 1
436 1130 3
854 1036 1
436 1100 3
854 1026 1
436 1061 3
854 1006 1
436 1041 3
852 1051 1
436 201 3
852 1046 1
436 199 3
852 994 1
436 181 3
852 968 1
436 157 3
852 877 1
436 71 3
851 1039 1
435 1120 3
851 1032 1
435 1110 3
851 1029 1
435 1051 3
851 983 1
435 149 3
851 786 1
435 143 3
851 785 1
434 1139 3
850 1056 1
434 1122 3
850 1019 1
434 212 3
849 1028 1
434 192 3
849 881 1
434 191 3
848 1044 1
434 189 3
848 1028 1
434 187 3
848 1007 1
434 107 3
848 995 1
432 210 3
847 1060 1
432 204 3
846 1039 1
432 202 3
846 1029 1
432 199 3
846 983 1
432 198 3
846 885 1
432 197 3
845 1065 1
432 182 3
845 1030 1
432 154 3
845 1024 1
432 92 3
845 1020 1
431 209 3
845 968 1
431 200 3
844 786 1
431 199 3
843 1069 1
431 172 3
843 1043 1
431 79 3
843 996 1
430 222 3
842 1020 1
430 217 3
842 1007 1
430 212 3
842 888 1
430 209 3
841 1074 1
430 208 3
841 1030 1
430 199 3
841 982 1
430 196 3
840 1033 1
430 193 3
840 1020 1
430 175 3
840 1016 1
430 174 3
839 1078 1
430 165 3
839 968 1
430 136 3
838 1041 1
429 1114 3
838 998 1
429 241 3
838 891 1
429 222 3
837 1083 1
429 214 3
837 1011 1
429 207 3
837 974 1
429 206 3
836 1030 1
429 199 3
836 1008 1
429 197 3
836 994 1
429 162 3
836 989 1
429 161 3
836 984 1
428 1137 3
836 981 1
428 207 3
836 979 1
428 204 3
835 1035 1
428 203 3
835 1021 1
428 197 3
835 1014 1
428 113 3
835 1009 1
427 1078 3
835 1004 1
427 1065 3
835 999 1
427 225 3
835 895 1
427 216 3
834 1087 1
427 207 3
834 1038 1
427 205 3
834 1034 1
427 203 3
834 1029 1
427 202 3
834 1024 1
427 197 3
834 1019 1
427 152 3
834 1007 1
426 231 3
833 1049 1
426 223 3
833 1044 1
426 218 3
833 1039 1
426 215 3
833 999 1
426 213 3
833 968 1
426 212 3
832 1069 1
426 207 3
832 1064 1
426 194 3
832 1059 1
426 162 3
832 1054 1
425 1145 3
832 899 1
425 231 3
832 786 1
425 212 3
831 1089 1
425 207 3
831 1084 1
425 203 3
831 1079 1
425 195 3
831 1074 1
425 174 3
831 1040 1
425 142 3
831 1037 1
425 87 3
831 1030 1
424 1074 3
831 1003 1
424 219 3
831 981 1
424 215 3
831 964 1
424 212 3
830 1109 1
424 210 3
830 1104 1
424 204 3
830 1099 1
424 183 3
830 1094 1
424 182 3
830 1035 1
424 122 3
830 1022 1
424 112 3
829 1119 1
423 1106 3
829 1114 1
423 1070 3
829 1009 1
423 230 3
829 903 1
423 223 3
828 1000 1
423 215 3
828 999 1
423 214 3
828 958 1
423 213 3
827 969 1
423 212 3
826 1115 1
423 205 3
826 1040 1
423 132 3
826 1039 1
423 103 3
826 1032 1
422 240 3
826 1030 1
422 229 3
826 995 1
422 222 3
826 980 1
422 215 3
826 965 1
422 121 3
826 907 1
422 119 3
825 1023 1
421 1070 3
823 1111 1
421 1068 3
823 1009 1
421 227 3
823 1001 1
421 222 3
823 991 1
421 202 3
823 972 1
421 163 3
823 911 1
421 93 3
822 1041 1
420 1143 3
822 966 1
420 240 3
822 957 1
420 229 3
821 1040 1
420 223 3
821 1030 1
420 212 3
821 979 1
420 182 3
821 969 1
420 137 3
820 1107 1
419 1066 3
820 1025 1
419 242 3
820 1023 1
419 239 3
820 987 1
419 196 3
819 1050 1
419 191 3
819 1003 1
419 170 3
818 1045 1
419 95 3
818 973 1
418 1098 3
817 1103 1
418 1082 3
817 1043 1
417 1151 3
817 1040 1
417 1081 3
817 1010 1
417 1067 3
817 982 1
417 238 3
817 966 1
417 236 3
816 1041 1
417 190 3
816 1035 1
416 125 3
816 1031 1
416 84 3
816 979 1
415 1077 3
816 956 1
415 1075 3
816 899 1
415 296 3
815 1025 1
415 288 3
815 1024 1
415 247 3
815 1023 1
415 142 3
815 969 1
414 1077 3
815 924 1
414 1075 3
815 904 1
414 305 3
814 1099 1
414 280 3
814 1052 1
414 209 3
814 1005 1
414 200 3
814 1004 1
414 191 3
814 978 1
414 187 3
814 976 1
414 127 3
813 1045 1
414 104 3
813 909 1
413 1150 3
812 974 1
413 1074 3
812 967 1
413 288 3
812 913 1
413 177 3
811 1095 1
413 166 3
811 1041 1
412 1089 3
811 1031 1
412 754 3
811 1020 1
411 1071 3
811 1010 1
411 755 3
811 978 1
410 247 3
810 1055 1
410 178 3
810 1025 1
410 138 3
810 1004 1
410 130 3
810 978 1
409 1157 3
810 955 1
409 1087 3
809 1005 1
409 199 3
809 970 1
409 120 3
809 969 1
409 91 3
809 944 1
408 1083 3
808 1091 1
408 275 3
808 1047 1
408 141 3
808 916 1
408 112 3
807 1016 1
407 1158 3
807 968 1
407 1082 3
806 1062 1
407 1067 3
806 1057 1
406 1081 3
806 1041 1
406 263 3
806 1031 1
406 185 3
806 981 1
406 133 3
806 978 1
405 169 3
806 966 1
405 141 3
805 1067 1
404 1084 3
805 1026 1
404 1083 3
805 1011 1
404 208 3
805 961 1
404 136 3
805 952 1
403 1083 3
805 948 1
403 99 3
804 1049 1
402 1076 3
804 1006 1
402 178 3
804 954 1
402 120 3
804 950 1
402 81 3
803 1049 1
401 1163 3
803 1013 1
401 611 3
803 969 1
401 251 3
803 956 1
401 149 3
803 917 1
400 1092 3
802 1031 1
400 139 3
802 969 1
399 1088 3
802 939 1
399 1087 3
801 1041 1
399 216 3
801 1031 1
399 188 3
801 984 1
399 147 3
801 977 1
399 140 3
800 1066 1
399 119 3
800 1026 1
399 86 3
800 953 1
398 142 3
800 921 1
398 108 3
799 1051 1
398 90 3
799 1050 1
397 172 3
799 1012 1
397 128 3
799 1010 1
396 197 3
799 942 1
396 96 3
797 987 1
395 158 3
797 969 1
395 140 3
797 957 1
394 148 3
797 925 1
394 138 3
796 1042 1
394 99 3
796 1032 1
393 225 3
796 976 1
393 207 3
796 946 1
393 157 3
795 1067 1
393 117 3
795 1027 1
392 1095 3
795 1007 1
392 148 3
794 1053 1
392 105 3
793 1012 1
391 1093 3
793 961 1
391 146 3
793 928 1
390 216 3
792 950 1
390 140 3
791 1042 1
390 108 3
791 1032 1
389 175 3
791 1004 1
389 118 3
791 976 1
388 233 3
791 970 1
388 125 3
790 1065 1
388 114 3
790 1055 1
387 226 3
790 1028 1
386 160 3
790 1027 1
386 154 3
789 1010 1
386 140 3
789 965 1
386 117 3
789 954 1
385 166 3
789 931 1
385 139 3
787 1013 1
384 134 3
787 1001 1
384 123 3
787 970 1
383 1099 3
786 1032 1
383 242 3
786 975 1
383 177 3
786 958 1
382 169 3
785 1064 1
382 126 3
785 1057 1
381 177 3
785 1029 1
381 148 3
785 1027 1
380 159 3
785 934 1
380 143 3
784 1010 1
380 132 3
784 998 1
379 117 3
784 975 1
378 136 3
784 970 1
377 250 3
783 962 1
377 174 3
782 979 1
377 172 3
781 1063 1
376 153 3
781 1060 1
376 142 3
781 1032 1
375 1105 3
781 1030 1
375 138 3
781 1014 1
374 222 3
781 974 1
374 165 3
781 937 1
373 175 3
780 1028 1
373 145 3
780 1013 1
372 151 3
780 995 1
371 166 3
779 984 1
371 151 3
778 970 1
371 146 3
777 989 1
371 136 3
777 940 1
370 126 3
776 1062 1
370 116 3
776 1061 1
369 182 3
776 1048 1
368 171 3
776 1032 1
368 160 3
776 1030 1
366 1109 3
776 1015 1
366 182 3
776 991 1
365 1106 3
776 974 1
365 219 3
775 1028 1
365 160 3
775 1014 1
364 1107 3
773 993 1
364 169 3
772 1064 1
362 191 3
772 1063 1
362 177 3
772 1058 1
360 189 3
772 1045 1
360 178 3
772 988 1
359 154 3
772 972 1
357 1115 3
772 970 1
356 188 3
772 941 1
355 1106 3
771 1045 1
355 390 3
771 1033 1
355 217 3
771 1031 1
354 1109 3
771 1017 1
354 199 3
771 988 1
353 197 3
771 973 1
353 149 3
770 1040 1
352 197 3
770 1029 1
351 355 3
770 997 1
349 1121 3
770 987 1
349 365 3
769 1054 1
348 365 3
769 1015 1
348 206 3
768 1035 1
347 375 3
768 985 1
347 143 3
768 976 1
346 361 3
768 944 1
346 207 3
767 1066 1
346 204 3
767 1019 1
345 1106 3
766 1050 1
345 214 3
766 1033 1
344 1110 3
766 1030 1
344 215 3
766 1025 1
340 1124 3
766 1001 1
340 1027 3
766 972 1
340 369 3
766 970 1
340 231 3
765 1060 1
340 214 3
765 1055 1
340 137 3
765 1029 1
339 369 3
765 1020 1
339 211 3
765 980 1
338 216 3
764 1016 1
338 170 3
763 1068 1
337 280 3
763 1023 1
336 212 3
763 1016 1
335 1107 3
763 1011 1
333 352 3
763 977 1
333 240 3
762 1006 1
333 179 3
762 984 1
333 163 3
761 1033 1
332 362 3
761 1001 1
332 352 3
760 1058 1
332 219 3
760 1030 1
332 199 3
760 972 1
331 1023 3
759 1025 1
330 1127 3
759 996 1
330 287 3
759 991 1
330 224 3
758 987 1
330 220 3
758 978 1
328 276 3
757 1016 1
328 258 3
757 986 1
328 157 3
756 1033 1
327 208 3
755 1057 1
326 226 3
755 1030 1
326 184 3
755 991 1
325 1105 3
755 982 1
325 1095 3
754 1027 1
325 1015 3
752 1018 1
325 206 3
752 995 1
324 228 3
751 1017 1
322 1085 3
750 1055 1
322 356 3
750 1030 1
322 224 3
749 1029 1
321 1130 3
748 1020 1
321 459 3
748 998 1
320 457 3
747 1011 1
320 190 3
746 1053 1
319 1076 3
745 1031 1
319 1007 3
744 1023 1
319 233 3
744 1018 1
319 213 3
741 1052 1
318 1066 3
739 1026 1
318 1046 3
737 1049 1
318 236 3
318 214 3
317 1056 3
317 202 3
317 198 3
316 1036 3
316 1006 3
315 1026 3
315 1016 3
315 191 3
313 359 3
313 244 3
313 181 3
312 1135 3
312 241 3
312 192 3
311 997 3
311 221 3
311 204 3
307 252 3
307 249 3
305 989 3
304 1141 3
304 228 3
303 363 3
302 989 3
301 999 3
301 458 3
301 261 3
301 245 3
300 287 3
300 250 3
298 1087 3
297 1117 3
297 1107 3
297 1097 3
297 983 3
296 1137 3
296 1127 3
295 1146 3
294 366 3
294 258 3
293 326 3
290 990 3
289 266 3
288 345 3
288 335 3
286 297 3
285 270 3
284 285 3
283 997 3
283 275 3
282 331 3
279 332 3
276 311 3
275 216 3
272 392 3
272 226 3
267 293 3
267 217 3
266 502 3
265 303 3
264 473 3
264 275 3
263 226 3
262 206 3
261 308 3
261 216 3
260 297 3
260 296 3
260 226 3
259 377 3
259 235 3
259 215 3
258 245 3
257 344 3
257 273 3
257 169 3
256 179 3
255 343 3
255 283 3
255 225 3
254 354 3
254 189 3
254 178 3
253 293 3
253 199 3
252 455 3
252 208 3
251 302 3
251 218 3
251 188 3
249 341 3
249 312 3
249 244 3
248 436 3
247 322 3
246 294 3
246 253 3
243 342 3
243 262 3
241 320 3
239 433 3
239 272 3
237 365 3
237 276 3
235 273 3
234 367 3
234 366 3
233 291 3
232 321 3
232 255 3
230 430 3
229 266 3
229 246 3
228 390 3
227 707 3
227 374 3
227 373 3
227 313 3
226 417 3
226 397 3
226 373 3
226 372 3
225 655 3
225 418 3
225 376 3
225 372 3
225 261 3
225 236 3
224 370 3
223 394 3
223 258 3
221 227 3
220 741 3
220 428 3
220 375 3
220 374 3
219 650 3
219 433 3
219 393 3
219 382 3
219 374 3
219 354 3
218 662 3
218 250 3
218 247 3
217 710 3
216 824 3
216 418 3
216 414 3
216 257 3
215 442 3
215 399 3
215 266 3
215 264 3
213 382 3
213 248 3
212 779 3
211 657 3
210 744 3
210 668 3
210 425 3
210 378 3
209 433 3
209 396 3
209 239 3
208 713 3
207 390 3
207 233 3
206 415 3
206 412 3
205 665 3
205 660 3
205 298 3
205 267 3
204 785 3
204 402 3
202 675 3
200 746 3
200 400 3
200 380 3
199 718 3
199 434 3
198 403 3
197 408 3
196 791 3
196 414 3
196 270 3
195 660 3
195 297 3
193 405 3
191 723 3
191 420 3
191 415 3
191 261 3
190 749 3
190 428 3
190 403 3
190 381 3
189 428 3
189 251 3
188 402 3
187 797 3
187 409 3
186 243 3
185 660 3
183 729 3
182 471 3
182 469 3
182 461 3
182 431 3
182 408 3
182 234 3
181 471 3
181 421 3
181 418 3
181 407 3
181 245 3
180 397 3
180 383 3
179 802 3
179 751 3
179 398 3
178 406 3
178 225 3
177 236 3
176 860 3
176 479 3
176 472 3
175 660 3
175 476 3
174 734 3
174 215 3
172 418 3
172 410 3
172 391 3
171 808 3
171 410 3
171 392 3
171 384 3
171 228 3
170 936 3
170 488 3
170 487 3
170 383 3
170 206 3
169 754 3
169 484 3
168 479 3
168 403 3
167 865 3
167 863 3
166 740 3
166 197 3
165 895 3
165 661 3
165 496 3
164 495 3
163 814 3
163 188 3
162 491 3
162 416 3
162 413 3
161 941 3
161 486 3
161 384 3
160 413 3
160 384 3
159 870 3
159 757 3
159 179 3
158 503 3
158 403 3
157 888 3
157 745 3
155 820 3
155 661 3
155 499 3
155 169 3
154 493 3
154 491 3
153 420 3
153 417 3
153 245 3
152 511 3
152 415 3
152 196 3
151 383 3
151 160 3
150 882 3
150 875 3
150 874 3
150 510 3
150 384 3
149 759 3
149 751 3
149 506 3
149 416 3
149 186 3
148 404 3
147 826 3
147 176 3
147 151 3
146 519 3
146 500 3
146 141 3
145 664 3
145 661 3
145 519 3
144 494 3
143 420 3
143 245 3
143 131 3
142 891 3
142 876 3
142 820 3
142 413 3
141 893 3
141 881 3
141 756 3
141 381 3
140 874 3
140 527 3
140 501 3
140 122 3
139 832 3
139 815 3
139 507 3
138 762 3
138 418 3
138 405 3
135 806 3
135 664 3
135 661 3
135 499 3
135 113 3
134 869 3
134 384 3
134 118 3
133 245 3
132 890 3
132 762 3
132 514 3
132 495 3
132 411 3
132 108 3
131 892 3
131 882 3
131 837 3
131 377 3
130 874 3
130 400 3
128 765 3
128 506 3
128 406 3
127 863 3
126 788 3
126 521 3
126 419 3
125 805 3
125 663 3
125 660 3
125 520 3
125 380 3
124 889 3
124 801 3
124 767 3
123 515 3
123 492 3
123 245 3
122 889 3
122 843 3
122 410 3
122 405 3
122 377 3
121 883 3
121 874 3
121 792 3
121 779 3
120 874 3
119 856 3
119 411 3
118 873 3
118 782 3
118 767 3
118 528 3
117 824 3
117 770 3
117 527 3
116 677 3
116 377 3
115 839 3
115 772 3
115 695 3
115 685 3
115 661 3
115 660 3
115 486 3
114 849 3
114 808 3
114 706 3
114 415 3
113 833 3
113 772 3
113 761 3
113 727 3
113 716 3
113 410 3
113 372 3
113 246 3
112 888 3
112 885 3
112 884 3
112 879 3
112 817 3
112 748 3
112 738 3
112 536 3
112 373 3
111 850 3
111 769 3
111 759 3
110 879 3
110 875 3
110 827 3
110 534 3
110 414 3
109 842 3
109 370 3
108 770 3
108 752 3
107 901 3
107 900 3
107 837 3
107 480 3
107 364 3
106 891 3
106 867 3
106 847 3
106 544 3
106 239 3
105 893 3
105 851 3
105 660 3
105 419 3
105 366 3
104 856 3
104 843 3
104 778 3
104 415 3
103 541 3
103 247 3
103 246 3
102 889 3
102 885 3
102 882 3
102 880 3
102 866 3
102 772 3
102 420 3
101 876 3
101 419 3
101 364 3
100 357 3
99 859 3
99 551 3
99 473 3
99 231 3
98 900 3
98 896 3
98 873 3
98 773 3
98 359 3
97 900 3
96 869 3
96 837 3
96 420 3
95 895 3
95 419 3
94 752 3
94 560 3
94 230 3
93 879 3
93 864 3
93 357 3
93 248 3
92 889 3
92 886 3
92 878 3
92 876 3
92 736 3
92 565 3
92 466 3
92 423 3
92 224 3
91 353 3
91 352 3
90 788 3
90 742 3
89 887 3
89 880 3
89 855 3
89 830 3
88 898 3
88 888 3
88 878 3
88 568 3
87 457 3
87 425 3
86 732 3
86 727 3
86 632 3
86 424 3
86 344 3
86 217 3
85 897 3
85 891 3
85 890 3
85 889 3
85 846 3
85 572 3
85 344 3
85 226 3
84 796 3
83 876 3
83 874 3
83 576 3
83 427 3
83 249 3
82 890 3
82 889 3
82 888 3
82 887 3
82 886 3
82 884 3
82 722 3
82 623 3
82 449 3
81 887 3
81 886 3
81 824 3
81 718 3
80 837 3
80 581 3
79 876 3
79 336 3
79 209 3
78 804 3
78 430 3
78 429 3
78 337 3
77 585 3
77 440 3
77 219 3
75 892 3
75 891 3
75 890 3
75 590 3
74 873 3
74 869 3
73 830 3
73 817 3
73 620 3
72 892 3
72 891 3
72 890 3
72 889 3
72 888 3
72 887 3
72 886 3
72 884 3
72 593 3
72 202 3
71 432 3
71 331 3
71 211 3
70 872 3
70 599 3
70 331 3
69 435 3
69 321 3
68 861 3
68 822 3
67 321 3
66 601 3
66 423 3
66 203 3
65 890 3
65 312 3
65 195 3
64 870 3
64 312 3
63 866 3
63 852 3
63 616 3
63 606 3
63 333 3
63 302 3
62 887 3
62 442 3
62 339 3
62 302 3
62 292 3
61 881 3
61 868 3
61 415 3
60 349 3
60 282 3
60 195 3
59 293 3
58 844 3
58 359 3
58 187 3
57 859 3
57 283 3
56 890 3
56 406 3
56 368 3
55 866 3
55 273 3
54 612 3
54 378 3
54 187 3
53 891 3
53 850 3
52 864 3
52 835 3
52 388 3
52 180 3
51 881 3
51 411 3
50 398 3
49 840 3
48 896 3
48 402 3
48 179 3
47 827 3
47 392 3
46 382 3
45 863 3
45 609 3
45 173 3
44 894 3
44 831 3
44 372 3
43 860 3
42 170 3
41 881 3
41 819 3
40 822 3
36 860 3
36 843 3
36 823 3
36 820 3
36 813 3
36 810 3
35 899 3
35 889 3
35 853 3
35 850 3
35 840 3
35 833 3
35 830 3
35 803 3
